3,3,4,-1,4334,11/12/2014 08:34:36
3,3,2,-1,2651,07/24/2014 08:34:36
2,4,3,-1,3476,01/14/2014 08:34:36
4,4,3,-1,3249,07/03/2014 08:34:36
4,1,3,-1,2105,06/13/2014 08:34:36
1,1,2,-1,840,12/03/2014 08:34:36
1,4,3,-1,1704,01/27/2014 08:34:36
4,1,1,-1,1831,06/24/2014 08:34:36
2,2,2,-1,4661,02/07/2014 08:34:36
4,3,2,-1,1748,03/03/2014 08:34:36
3,1,3,-1,1059,08/15/2014 08:34:36
4,2,3,-1,4993,03/14/2014 08:34:36
1,1,1,-1,2837,04/30/2014 08:34:36
2,4,4,-1,1300,08/14/2014 08:34:36
4,1,2,-1,671,08/31/2014 08:34:36
2,3,4,-1,1769,04/30/2014 08:34:36
3,1,3,-1,4107,03/30/2014 08:34:36
3,3,2,-1,3646,07/21/2014 08:34:36
3,2,1,-1,3476,08/19/2014 08:34:36
1,3,3,-1,121,12/17/2014 08:34:36
3,1,1,-1,2866,10/05/2014 08:34:36
1,4,4,-1,681,02/18/2014 08:34:36
2,3,2,-1,3009,06/20/2014 08:34:36
1,1,1,-1,2192,03/24/2014 08:34:36
4,3,1,-1,3661,01/15/2014 08:34:36
2,3,1,-1,2025,08/27/2014 08:34:36
1,4,3,-1,599,11/20/2014 08:34:36
3,4,4,-1,4721,12/14/2014 08:34:36
3,2,1,-1,2305,02/19/2014 08:34:36
4,1,4,-1,790,04/08/2014 08:34:36
1,3,2,-1,2751,07/09/2014 08:34:36
2,3,2,-1,1473,04/10/2014 08:34:36
2,1,1,-1,1703,01/19/2014 08:34:36
4,4,2,-1,1002,06/12/2014 08:34:36
2,4,3,-1,3877,04/20/2014 08:34:36
4,1,4,-1,915,01/25/2014 08:34:36
3,3,4,-1,4651,12/29/2014 08:34:36
2,2,4,-1,2709,04/24/2014 08:34:36
4,3,4,-1,909,06/01/2014 08:34:36
1,1,1,-1,2303,01/10/2014 08:34:36
4,1,3,-1,4606,03/28/2014 08:34:36
3,2,2,-1,1135,09/26/2014 08:34:36
4,4,1,-1,2524,08/30/2014 08:34:36
2,3,1,-1,4176,04/24/2014 08:34:36
3,3,1,-1,1006,03/27/2014 08:34:36
2,3,2,-1,635,12/13/2014 08:34:36
1,2,1,-1,1093,03/23/2014 08:34:36
2,2,2,-1,4689,10/05/2014 08:34:36
1,4,2,-1,2145,12/22/2014 08:34:36
4,1,1,-1,3642,12/20/2014 08:34:36
4,1,2,-1,3623,01/05/2014 08:34:36
3,2,3,-1,224,03/10/2014 08:34:36
2,3,3,-1,249,08/05/2014 08:34:36
2,4,1,-1,1743,11/26/2014 08:34:36
4,4,2,-1,1762,12/06/2014 08:34:36
3,1,3,-1,1348,02/10/2014 08:34:36
3,3,4,-1,603,10/15/2014 08:34:36
4,2,2,-1,2947,02/03/2014 08:34:36
3,2,3,-1,3357,05/09/2014 08:34:36
3,1,1,-1,191,06/02/2014 08:34:36
3,1,1,-1,4721,05/24/2014 08:34:36
1,3,2,-1,4247,03/23/2014 08:34:36
4,1,3,-1,3829,07/27/2014 08:34:36
2,4,3,-1,1944,04/27/2014 08:34:36
4,4,4,-1,3894,12/18/2014 08:34:36
1,1,4,-1,894,01/23/2014 08:34:36
3,2,1,-1,2604,08/12/2014 08:34:36
1,2,4,-1,394,05/15/2014 08:34:36
4,3,1,-1,3533,07/04/2014 08:34:36
1,3,1,-1,1687,04/07/2014 08:34:36
2,1,4,-1,3295,05/18/2014 08:34:36
2,3,3,-1,3678,06/28/2014 08:34:36
2,1,1,-1,4160,04/21/2014 08:34:36
1,2,4,-1,2291,10/29/2014 08:34:36
2,1,3,-1,4521,09/27/2014 08:34:36
3,4,1,-1,1051,05/18/2014 08:34:36
4,4,2,-1,2432,09/27/2014 08:34:36
3,1,1,-1,3640,03/04/2014 08:34:36
4,4,3,-1,480,04/26/2014 08:34:36
3,2,1,-1,4831,11/03/2014 08:34:36
3,1,3,-1,2649,01/16/2014 08:34:36
2,4,1,-1,2334,05/31/2014 08:34:36
3,3,2,-1,2486,02/19/2014 08:34:36
1,4,4,-1,4040,08/28/2014 08:34:36
4,2,3,-1,4183,09/04/2014 08:34:36
1,4,4,-1,2502,09/16/2014 08:34:36
1,1,4,-1,3303,10/30/2014 08:34:36
3,3,4,-1,3852,01/17/2014 08:34:36
2,4,1,-1,2810,04/07/2014 08:34:36
3,1,1,-1,475,05/21/2014 08:34:36
2,2,4,-1,4709,04/24/2014 08:34:36
1,2,1,-1,3369,10/13/2014 08:34:36
1,3,1,-1,4494,07/21/2014 08:34:36
4,3,3,-1,4659,01/24/2014 08:34:36
3,1,1,-1,1266,09/26/2014 08:34:36
3,4,3,-1,4323,09/12/2014 08:34:36
3,2,1,-1,4957,06/26/2014 08:34:36
2,2,4,-1,3882,02/09/2014 08:34:36
4,3,1,-1,885,05/27/2014 08:34:36
2,3,2,-1,2807,10/08/2014 08:34:36
3,2,3,-1,3780,04/23/2014 08:34:36
2,4,1,-1,3734,11/19/2014 08:34:36
4,4,3,-1,438,04/05/2014 08:34:36
1,4,3,-1,4147,11/20/2014 08:34:36
1,2,2,-1,80,06/25/2014 08:34:36
4,2,2,-1,1234,07/20/2014 08:34:36
3,4,1,-1,3625,05/01/2014 08:34:36
4,3,4,-1,2709,02/22/2014 08:34:36
2,2,2,-1,4420,11/12/2014 08:34:36
3,3,4,-1,2467,08/15/2014 08:34:36
3,4,4,-1,3607,08/26/2014 08:34:36
1,4,3,-1,1847,10/07/2014 08:34:36
2,2,2,-1,3855,08/13/2014 08:34:36
1,2,2,-1,1569,09/27/2014 08:34:36
1,4,4,-1,4121,07/20/2014 08:34:36
1,1,4,-1,1346,08/18/2014 08:34:36
2,1,1,-1,2794,05/10/2014 08:34:36
2,4,1,-1,542,12/29/2014 08:34:36
3,4,3,-1,1031,02/07/2014 08:34:36
4,2,3,-1,4614,03/29/2014 08:34:36
4,3,3,-1,1668,03/30/2014 08:34:36
2,4,2,-1,2464,10/23/2014 08:34:36
1,2,1,-1,4738,08/08/2014 08:34:36
1,3,1,-1,2668,09/03/2014 08:34:36
2,1,1,-1,3272,08/23/2014 08:34:36
3,4,4,-1,2468,05/16/2014 08:34:36
2,4,2,-1,10,09/04/2014 08:34:36
2,3,2,-1,2683,09/09/2014 08:34:36
2,4,4,-1,1936,08/24/2014 08:34:36
4,3,2,-1,579,04/04/2014 08:34:36
1,4,2,-1,3407,07/05/2014 08:34:36
1,2,2,-1,2920,07/29/2014 08:34:36
4,3,1,-1,414,07/02/2014 08:34:36
3,2,3,-1,2711,11/03/2014 08:34:36
2,2,1,-1,264,08/04/2014 08:34:36
3,1,4,-1,2623,05/27/2014 08:34:36
3,4,3,-1,2176,12/15/2014 08:34:36
3,4,1,-1,1054,12/26/2014 08:34:36
4,4,2,-1,2768,07/24/2014 08:34:36
3,3,2,-1,4593,03/24/2014 08:34:36
1,4,3,-1,334,02/26/2014 08:34:36
1,3,3,-1,2626,10/31/2014 08:34:36
1,4,1,-1,3439,09/03/2014 08:34:36
4,3,4,-1,4884,12/02/2014 08:34:36
4,3,2,-1,1730,04/30/2014 08:34:36
1,3,1,-1,2911,11/09/2014 08:34:36
3,1,4,-1,1657,01/29/2014 08:34:36
4,4,1,-1,1972,02/09/2014 08:34:36
3,2,2,-1,3868,10/20/2014 08:34:36
4,4,3,-1,4914,10/11/2014 08:34:36
1,1,1,-1,2757,05/26/2014 08:34:36
4,3,3,-1,3920,01/03/2014 08:34:36
1,2,4,-1,4047,03/10/2014 08:34:36
3,4,1,-1,4173,10/05/2014 08:34:36
1,2,3,-1,272,12/20/2014 08:34:36
1,4,3,-1,2885,08/21/2014 08:34:36
3,1,4,-1,4233,05/21/2014 08:34:36
1,4,3,-1,1008,08/04/2014 08:34:36
4,2,2,-1,3791,06/23/2014 08:34:36
1,1,3,-1,1679,06/02/2014 08:34:36
2,4,2,-1,1322,10/06/2014 08:34:36
1,1,1,-1,4970,03/31/2014 08:34:36
2,2,1,-1,530,12/31/2014 08:34:36
2,2,3,-1,3538,10/04/2014 08:34:36
1,1,4,-1,2536,09/03/2014 08:34:36
2,3,3,-1,1430,10/08/2014 08:34:36
3,1,4,-1,1825,04/29/2014 08:34:36
4,2,3,-1,226,09/28/2014 08:34:36
2,4,2,-1,4567,09/11/2014 08:34:36
1,4,2,-1,2526,07/28/2014 08:34:36
1,4,3,-1,3478,07/31/2014 08:34:36
1,2,4,-1,2435,10/20/2014 08:34:36
4,2,2,-1,1091,03/17/2014 08:34:36
3,4,3,-1,264,09/13/2014 08:34:36
2,2,1,-1,2953,12/15/2014 08:34:36
4,2,2,-1,1464,02/08/2014 08:34:36
4,1,1,-1,2896,11/05/2014 08:34:36
4,4,4,-1,3428,09/30/2014 08:34:36
2,1,1,-1,1879,04/25/2014 08:34:36
1,1,1,-1,3224,01/15/2014 08:34:36
4,3,3,-1,1923,11/25/2014 08:34:36
4,2,1,-1,895,11/16/2014 08:34:36
2,3,3,-1,4283,02/25/2014 08:34:36
2,3,3,-1,81,12/28/2014 08:34:36
3,4,1,-1,43,09/16/2014 08:34:36
1,3,2,-1,274,10/11/2014 08:34:36
2,1,3,-1,2221,02/01/2014 08:34:36
4,3,1,-1,4347,01/25/2014 08:34:36
3,4,3,-1,877,06/14/2014 08:34:36
3,4,3,-1,541,03/28/2014 08:34:36
2,4,1,-1,748,09/01/2014 08:34:36
1,3,2,-1,3550,04/30/2014 08:34:36
1,4,2,-1,1459,01/15/2014 08:34:36
1,1,1,-1,2975,10/20/2014 08:34:36
3,1,4,-1,2938,08/27/2014 08:34:36
2,2,1,-1,4122,05/12/2014 08:34:36
3,1,3,-1,1158,07/26/2014 08:34:36
1,4,1,-1,4978,07/04/2014 08:34:36
3,4,4,-1,2226,03/27/2014 08:34:36
2,3,2,-1,2022,08/04/2014 08:34:36
